# Accelerometer Values
# filename:  default.txt
# Saving start time: Sat Sep 27 11:24:06 EDT 2014
# sensor resolution: 5.950928E-4m/s^2
# Sensorvendor: InvenSense, name: MPU6515 Accelerometer, type: 1,version : 1, range 39.226593
# X value, Y value, Z value, time diff in ms
-0.621 9.937 1.199 20
-0.409 9.951 1.749 20
-0.411 9.489 1.887 20
-0.452 9.439 1.542 19
-0.468 9.691 1.599 20
-0.421 9.756 1.763 20
-0.442 9.67 1.568 20
-0.492 9.744 1.542 20
-0.44 9.691 1.851 19
-0.368 9.732 1.718 20
-0.383 9.782 1.673 20
-0.528 9.703 1.751 20
-0.506 9.734 1.79 20
-0.378 9.746 1.678 19
-0.399 9.651 1.723 20
-0.499 9.653 1.709 20
-0.475 9.739 1.725 20
-0.444 9.696 1.637 20
-0.378 9.646 1.682 19
-0.409 9.639 1.737 20
-0.504 9.727 1.621 20
-0.435 9.744 1.685 20
-0.471 9.722 1.666 20
-0.433 9.699 1.682 19
-0.464 9.708 1.668 20
-0.442 9.694 1.709 20
-0.414 9.703 1.742 20
-0.435 9.694 1.699 20
-0.449 9.708 1.778 19
-0.461 9.746 1.735 20
-0.387 9.708 1.713 20
-0.452 9.708 1.709 19
-0.454 9.668 1.785 21
-0.444 9.687 1.761 19
-0.464 9.706 1.713 20
-0.523 9.67 1.73 20
-0.223 9.713 2.037 20
-0.575 9.615 1.164 19
-0.39 9.765 1.956 20
-0.444 9.565 1.794 20
-0.494 9.815 1.449 20
-0.406 9.853 1.861 20
-0.504 9.701 1.706 19
-0.535 9.732 1.511 20
-0.433 9.713 1.69 20
-0.416 9.675 1.54 20
-0.43 9.718 1.628 20
-0.466 9.737 1.642 19
-0.421 9.749 1.594 20
-0.409 9.806 1.602 20
-0.406 9.708 1.554 20
-0.435 9.646 1.554 20
-0.409 9.625 1.64 19
-0.425 9.744 1.592 20
-0.456 9.691 1.697 20
-0.459 9.756 1.63 20
-0.433 9.789 1.628 20
-0.414 9.732 1.661 19
-0.406 9.67 1.694 20
-0.406 9.727 1.687 20
-0.454 9.71 1.64 20
-0.433 9.699 1.68 20
-0.414 9.675 1.621 19
-0.43 9.682 1.644 20
-0.395 9.72 1.675 20
-0.395 9.72 1.687 20
-0.442 9.722 1.632 20
-0.421 9.722 1.625 19
-0.409 9.72 1.682 20
-0.452 9.687 1.69 20
-0.473 9.718 1.721 20
-0.414 9.684 1.694 20
-0.444 9.71 1.68 19
-0.456 9.677 1.723 20
-0.437 9.653 1.692 20
-0.449 9.646 1.728 20
-0.347 9.658 1.716 20
-0.423 9.665 1.728 19
-0.514 9.739 1.756 20
-0.554 9.689 1.383 20
-0.228 9.639 2.137 20
-0.597 9.708 1.399 20
-0.335 9.801 2.004 19
-0.314 9.608 1.725 20
-0.485 9.82 1.523 20
-0.418 9.801 1.818 20
-0.409 9.675 1.723 20
-0.437 9.758 1.716 19 
-0.454 9.775 1.73 20
-0.471 9.722 1.785 20
-0.568 9.81 1.723 20
-0.44 9.839 1.597 20
-0.371 9.67 1.418 19
-0.34 9.601 1.516 20
-0.442 9.715 1.623 20
-0.478 9.682 1.671 20
-0.418 9.556 1.725 20
-0.34 9.558 1.547 19
-0.461 9.71 1.663 20
-0.442 9.858 1.742 20
-0.456 9.903 1.678 20
-0.475 9.753 1.744 20
-0.487 9.672 1.635 19
-0.502 9.751 1.687 20
-0.509 9.691 1.697 20
-0.444 9.71 1.635 19
-0.475 9.722 1.697 21
-0.411 9.76 1.668 19
-0.437 9.718 1.725 20
-0.397 9.694 1.635 20
-0.38 9.765 1.644 19
-0.402 9.806 1.652 21
-0.461 9.76 1.621 19
-0.464 9.675 1.609 20
-0.497 9.777 1.525 20
-0.459 9.841 1.513 19
-0.485 9.703 1.625 21
-0.473 9.713 1.656 19
-0.478 9.734 1.532 20
-0.456 9.739 1.544 20
-0.44 9.644 1.502 19
-0.461 9.608 1.611 21
-0.464 9.708 1.585 19
-0.525 9.789 1.573 20
-0.58 9.787 1.366 20
-0.202 9.78 2.049 20
-0.573 9.722 1.313 20
-0.38 9.72 1.868 19
-0.402 9.661 1.709 20
-0.447 9.875 1.337 20
-0.406 9.87 1.744 20
-0.43 9.746 1.618 20
-0.428 9.708 1.616 19
-0.325 9.715 1.673 20
-0.506 9.734 1.423 20
-0.533 9.737 1.456 20
-0.456 9.768 1.487 20
-0.383 9.734 1.604 19
-0.416 9.706 1.435 20
-0.464 9.746 1.502 20
-0.425 9.777 1.49 20
-0.347 9.758 1.502 20
-0.39 9.677 1.511 19
-0.509 9.758 1.582 20
-0.349 9.846 1.456 20
-0.366 9.772 1.516 20
-0.473 9.725 1.632 20
-0.471 9.751 1.554 19
-0.375 9.772 1.528 20
-0.392 9.746 1.471 20
-0.444 9.703 1.585 20
-0.461 9.734 1.632 20
-0.49 9.815 1.721 19
-0.425 9.825 1.649 20
-0.461 9.782 1.554 20
-0.492 9.756 1.621 20
-0.468 9.732 1.552 20
-0.414 9.715 1.592 19
-0.449 9.703 1.616 20
-0.497 9.76 1.756 20
-0.499 9.739 1.675 20
-0.399 9.753 1.587 20
-0.437 9.73 1.625 19
-0.468 9.618 1.644 20
-0.447 9.656 1.656 20
-0.49 9.67 1.732 20
-0.44 9.796 1.661 19
-0.518 9.694 1.421 20
-0.285 9.632 2.101 20
-0.499 9.706 1.413 20
-0.314 9.67 1.951 20
-0.437 9.627 1.685 19
-0.509 9.822 1.494 20
-0.459 9.799 1.904 20
-0.411 9.737 1.649 20
-0.444 9.701 1.58 20
-0.487 9.615 1.618 19
-0.525 9.594 1.585 20
-0.48 9.713 1.578 20
-0.483 9.737 1.575 20
-0.504 9.727 1.613 20
-0.44 9.758 1.532 20
-0.359 9.706 1.682 19
-0.418 9.646 1.644 20
-0.447 9.68 1.699 20
-0.461 9.739 1.63 20
-0.528 9.78 1.766 20
-0.521 9.784 1.697 19
-0.48 9.72 1.616 20
-0.466 9.63 1.701 20
-0.435 9.649 1.611 20
-0.461 9.732 1.713 20
-0.518 9.749 1.725 19
-0.48 9.775 1.692 20
-0.485 9.744 1.644 20
-0.468 9.637 1.566 20
-0.456 9.625 1.64 20
-0.478 9.684 1.701 19
-0.461 9.701 1.694 20
-0.497 9.71 1.69 20
-0.468 9.73 1.654 20
-0.471 9.689 1.661 20
-0.502 9.689 1.668 19
-0.521 9.668 1.668 20
-0.485 9.687 1.747 20
-0.466 9.73 1.649 20
-0.475 9.734 1.763 20
-0.613 9.72 1.413 19
-0.425 9.532 1.668 20
-0.399 9.682 1.851 19
-0.392 9.556 1.861 21
-0.552 9.768 1.559 20
-0.492 9.863 1.623 20
-0.404 9.72 1.787 19
-0.49 9.791 1.563 20
-0.444 9.701 1.737 20
-0.485 9.553 1.652 20
-0.49 9.739 1.673 19
-0.475 9.825 1.718 20
-0.411 9.741 1.642 20
-0.428 9.646 1.632 20
-0.478 9.746 1.59 20
-0.473 9.694 1.625 19
-0.354 9.687 1.737 20
-0.433 9.677 1.635 20
-0.533 9.672 1.623 20
-0.487 9.78 1.747 20
-0.475 9.789 1.754 19
-0.497 9.77 1.728 20
-0.454 9.758 1.751 20
-0.461 9.73 1.694 20
-0.404 9.668 1.625 20
-0.459 9.672 1.711 19
-0.452 9.732 1.718 20
-0.464 9.687 1.711 20
-0.414 9.661 1.735 20
-0.44 9.715 1.632 20
-0.425 9.737 1.69 19
-0.504 9.746 1.756 20
-0.464 9.725 1.744 20
-0.483 9.718 1.735 20
-0.452 9.734 1.761 19
-0.409 9.708 1.675 21
-0.356 9.651 1.751 19
-0.456 9.753 1.711 20
-0.487 9.725 1.797 20
-0.292 9.725 1.935 19
-0.623 9.634 1.173 20
-0.406 9.653 1.856 20
-0.325 9.439 1.787 20
-0.525 9.71 1.335 20
-0.454 9.768 1.73 19
-0.406 9.558 1.751 20
-0.359 9.646 1.69 20
-0.371 9.722 1.759 20
-0.518 9.72 1.682 20
-0.537 9.784 1.732 19
-0.514 9.844 1.749 20
-0.483 9.76 1.709 20
-0.499 9.694 1.661 20
-0.54 9.651 1.923 20
-0.523 9.615 1.754 19
-0.399 9.718 1.842 20
-0.402 9.72 1.744 20
-0.423 9.708 1.794 20
-0.397 9.751 1.799 19
-0.454 9.799 1.756 20
-0.43 9.784 1.825 20
-0.425 9.713 1.787 20
-0.433 9.713 1.728 20
-0.452 9.665 1.656 20
-0.44 9.677 1.699 19
-0.454 9.675 1.675 20
-0.475 9.718 1.687 20
-0.452 9.646 1.652 20
-0.487 9.653 1.678 19
-0.506 9.799 1.694 20
-0.464 9.787 1.656 20
-0.404 9.649 1.625 20
-0.461 9.68 1.694 20
-0.487 9.72 1.668 20
-0.509 9.691 1.687 19
-0.483 9.67 1.623 20
-0.435 9.675 1.671 19
-0.478 9.713 1.663 21
-0.502 9.684 1.792 20
-0.321 9.682 2.016 19
-0.594 9.634 1.185 20
-0.456 9.703 1.892 20
-0.349 9.553 1.835 20
-0.461 9.772 1.428 20
-0.506 9.965 1.754 19
-0.499 9.782 1.625 20
-0.48 9.737 1.656 20
-0.442 9.732 1.699 20
-0.461 9.656 1.483 20
-0.433 9.668 1.594 19
-0.494 9.696 1.58 20
-0.49 9.775 1.54 20
-0.471 9.763 1.594 20
-0.516 9.81 1.561 20
-0.473 9.722 1.554 19
-0.373 9.672 1.732 20
-0.564 9.677 1.544 20
-0.435 9.727 1.618 20
-0.433 9.725 1.63 20
-0.497 9.758 1.602 19
-0.454 9.749 1.649 20
-0.468 9.689 1.649 20
-0.459 9.722 1.604 20
-0.447 9.739 1.635 20
-0.492 9.713 1.644 19
-0.461 9.675 1.704 20
-0.464 9.718 1.663 20
-0.49 9.722 1.647 20
-0.418 9.682 1.699 19
-0.475 9.694 1.685 20
-0.437 9.72 1.668 20
-0.409 9.691 1.644 20
-0.442 9.713 1.64 20
-0.516 9.701 1.73 19
-0.425 9.663 1.692 20
-0.409 9.663 1.723 20
-0.437 9.696 1.756 20
-0.378 9.73 1.763 20
-0.473 9.756 1.747 19
-0.425 9.687 1.794 20
-0.404 9.71 1.742 20
-0.373 9.722 1.799 20
-0.556 9.708 1.425 20
-0.225 9.658 2.087 19
-0.54 9.656 1.623 20
-0.359 9.644 1.951 20
-0.425 9.622 1.732 20
-0.454 9.956 1.611 20
-0.447 9.794 1.859 19
-0.471 9.675 1.701 20
-0.402 9.675 1.718 20
-0.497 9.611 1.671 20
-0.459 9.67 1.787 19
-0.468 9.734 1.854 20
-0.473 9.694 1.742 20
-0.459 9.703 1.74 20
-0.478 9.739 1.704 20
-0.48 9.837 1.73 19
-0.471 9.601 1.697 21
-0.361 9.611 1.863 19
-0.459 9.725 1.666 20
-0.392 9.691 1.851 20
-0.387 9.661 1.856 19
-0.456 9.696 1.735 20
-0.428 9.777 1.835 20
-0.428 9.634 1.773 20
-0.418 9.701 1.773 20
-0.456 9.756 1.849 19
-0.468 9.73 1.744 20
-0.447 9.63 1.849 20
-0.428 9.672 1.787 20
-0.442 9.672 1.823 20
-0.437 9.646 1.794 21
-0.444 9.668 1.818 18
-0.385 9.687 1.828 20
-0.399 9.699 1.787 20
-0.449 9.677 1.797 20
-0.428 9.653 1.787 20
-0.497 9.594 1.894 19
-0.442 9.675 1.882 20
-0.444 9.744 1.856 20
-0.406 9.73 1.875 20
-0.433 9.67 1.93 20
-0.435 9.661 1.849 19
-0.433 9.622 1.871 20
-0.423 9.634 1.944 20
-0.452 9.691 1.859 20
-0.452 9.651 1.916 20
-0.552 9.632 1.449 19
-0.352 9.63 2.132 20
-0.559 9.625 1.73 20
-0.311 9.544 2.054 20
-0.502 9.649 1.737 20
-0.442 9.839 1.778 19
-0.435 9.701 1.982 20
-0.444 9.696 1.818 20
-0.437 9.694 1.823 20
-0.368 9.58 1.766 20
-0.378 9.587 1.759 19
-0.428 9.656 1.792 20
-0.435 9.67 1.775 20
-0.459 9.701 1.816 20
-0.423 9.801 1.811 20
-0.461 9.791 1.928 19
-0.428 9.556 1.778 20
-0.335 9.646 1.878 20
-0.449 9.689 1.778 20
-0.492 9.715 1.88 20
-0.478 9.772 1.94 19
-0.452 9.722 1.747 20
-0.418 9.665 1.866 20
-0.423 9.615 1.782 20
-0.471 9.637 1.768 20
-0.478 9.653 1.794 19
-0.437 9.653 1.811 20
-0.402 9.715 1.813 20
-0.461 9.703 1.785 20
-0.468 9.727 1.806 20
-0.416 9.694 1.806 19
-0.466 9.637 1.849 20
-0.414 9.701 1.787 20
-0.428 9.634 1.83 20
-0.44 9.646 1.775 20
-0.473 9.684 1.842 19
-0.452 9.72 1.775 20
-0.442 9.687 1.863 20
-0.444 9.622 1.911 20
-0.375 9.572 1.84 19
-0.33 9.706 1.792 20
-0.406 9.689 1.835 20
-0.447 9.708 1.918 20
-0.497 9.661 1.885 20
-0.416 9.627 1.923 19
-0.423 9.668 1.821 20
-0.466 9.732 1.785 20
-0.492 9.725 1.771 20
-0.268 9.751 2.044 20
-0.556 9.725 1.333 19
-0.318 9.608 1.97 20
-0.464 9.415 2.011 20
-0.514 9.83 1.592 20
-0.461 9.922 1.866 20
-0.428 9.613 1.825 19
-0.525 9.475 1.863 20
-0.544 9.708 2.018 20
-0.44 9.815 1.79 20
-0.34 9.863 1.713 20
-0.466 9.803 1.599 19
-0.483 9.589 1.837 20
-0.464 9.544 1.837 20
-0.502 9.756 1.83 20
-0.425 9.803 1.721 20
-0.385 9.575 1.747 19
-0.442 9.453 1.794 20
-0.447 9.756 1.713 20
-0.383 9.887 1.785 20
-0.406 9.784 1.778 19
-0.442 9.613 1.911 20
-0.475 9.599 1.804 20
-0.428 9.765 1.654 20
-0.464 9.684 1.837 20
-0.444 9.561 1.899 20
-0.485 9.703 1.828 19
-0.392 9.844 1.797 20
-0.373 9.737 1.749 20
-0.404 9.596 1.773 20
-0.506 9.694 1.766 20
-0.466 9.739 1.835 19
-0.418 9.615 1.816 20
-0.406 9.637 1.768 19
-0.473 9.672 1.866 21
-0.473 9.713 1.794 20
-0.442 9.73 1.844 19
-0.378 9.713 1.771 20
-0.425 9.67 1.801 19
-0.452 9.637 1.799 21
-0.49 9.665 1.811 19
-0.452 9.73 1.821 20
-0.464 9.696 1.756 20
-0.461 9.653 1.842 19
-0.383 9.668 1.83 21
-0.53 9.708 1.43 19
-0.28 9.677 2.004 20
-0.559 9.682 1.642 20
-0.292 9.627 2.02 19
-0.428 9.606 1.754 21
-0.497 9.894 1.602 19
-0.468 9.744 1.918 20
-0.492 9.68 1.678 20
-0.44 9.744 1.868 21
-0.404 9.668 1.742 19
-0.404 9.644 1.697 19
-0.454 9.687 1.821 20
-0.456 9.713 1.761 20
-0.461 9.672 1.785 20
-0.44 9.751 1.711 20
-0.459 9.794 1.563 19
-0.411 9.656 1.794 20
-0.337 9.544 1.813 20
-0.464 9.62 1.725 20
-0.437 9.713 1.851 20
-0.416 9.706 1.806 19
-0.461 9.81 1.747 20
-0.447 9.749 1.811 20
-0.433 9.649 1.88 20
-0.425 9.691 1.882 20
-0.409 9.737 1.751 19
-0.425 9.644 1.766 20
-0.464 9.675 1.851 20
-0.442 9.741 1.735 20
-0.423 9.715 1.79 20
-0.402 9.627 1.742 19
-0.471 9.677 1.782 19
-0.456 9.753 1.818 21
-0.506 9.765 1.78 20
-0.466 9.708 1.863 19
-0.435 9.691 1.778 20
-0.378 9.72 1.797 20
-0.468 9.653 1.894 20
-0.43 9.649 1.797 20
-0.456 9.758 1.851 19
-0.454 9.777 1.804 20
-0.435 9.706 1.782 20
-0.428 9.625 1.759 20
-0.402 9.665 1.678 20
-0.423 9.684 1.778 20
-0.497 9.713 1.725 19
-0.456 9.661 1.842 20
-0.492 9.68 1.616 20
-0.497 9.537 1.544 20
-0.416 9.663 1.954 19
-0.487 9.496 1.835 20
-0.473 9.732 1.732 20
-0.511 9.844 1.742 20
-0.478 9.668 1.84 20
-0.511 9.734 1.759 19
-0.468 9.658 1.778 20
-0.502 9.57 1.628 19
-0.511 9.684 1.859 21
-0.533 9.725 1.737 20
-0.509 9.708 1.682 19
-0.499 9.703 1.709 20
-0.483 9.677 1.656 20
-0.487 9.696 1.782 20
-0.499 9.546 1.661 20
-0.421 9.73 1.806 19
-0.452 9.689 1.68 20
-0.485 9.749 1.778 20
-0.494 9.758 1.785 20
-0.492 9.72 1.737 20
-0.449 9.708 1.818 19
-0.473 9.663 1.79 20
-0.461 9.663 1.782 20
-0.471 9.634 1.737 20
-0.475 9.71 1.706 20
-0.456 9.703 1.685 19
-0.433 9.713 1.716 20
-0.428 9.718 1.697 20
-0.461 9.73 1.728 20
-0.506 9.739 1.766 19
-0.506 9.663 1.721 20
-0.487 9.699 1.718 20
-0.48 9.687 1.763 20
-0.464 9.684 1.754 20
-0.466 9.668 1.778 20
-0.428 9.696 1.773 19
-0.454 9.753 1.768 20
-0.456 9.749 1.773 20
-0.502 9.668 1.694 20
-0.452 9.63 1.782 19
-0.425 9.653 1.725 20
-0.528 9.615 1.732 20
-0.442 9.696 1.761 20
-0.521 9.753 1.706 19
-0.537 9.653 1.849 20
-0.323 9.682 1.97 20
-0.621 9.682 1.366 20
-0.354 9.708 1.854 20
-0.406 9.539 1.818 20
-0.533 9.765 1.54 19
-0.511 9.853 1.875 20
-0.509 9.71 1.685 20
-0.49 9.706 1.735 20
-0.461 9.62 1.704 20
-0.468 9.603 1.582 19
-0.425 9.732 1.711 20
-0.447 9.682 1.666 19
-0.497 9.68 1.704 21
-0.454 9.651 1.74 20
-0.449 9.73 1.666 19
-0.447 9.768 1.692 20
-0.411 9.665 1.732 20
-0.373 9.613 1.806 20
-0.425 9.715 1.799 20
-0.473 9.756 1.794 19
-0.452 9.765 1.773 20
-0.397 9.765 1.706 20
-0.361 9.73 1.775 20
-0.371 9.661 1.775 20
-0.442 9.689 1.716 19
-0.475 9.687 1.723 20
-0.425 9.72 1.709 19
-0.375 9.725 1.718 21
-0.468 9.68 1.713 20
-0.437 9.694 1.751 19
-0.414 9.744 1.735 20
-0.449 9.706 1.742 20
-0.444 9.684 1.73 20
-0.449 9.658 1.778 19
-0.466 9.632 1.771 20
-0.461 9.68 1.771 20
-0.423 9.73 1.744 20
-0.414 9.703 1.682 20
-0.378 9.701 1.766 19
-0.454 9.727 1.816 20
-0.461 9.708 1.666 20
-0.418 9.706 1.809 20
-0.366 9.67 1.725 20
-0.402 9.699 1.747 19
-0.44 9.682 1.756 20
-0.478 9.746 1.74 20
-0.559 9.67 1.668 20
-0.259 9.653 1.949 20
-0.599 9.625 1.356 19
-0.345 9.708 1.923 20
-0.375 9.615 1.851 20
-0.511 9.799 1.559 20
-0.444 9.837 1.797 20
-0.464 9.696 1.732 19
-0.404 9.76 1.754 20
-0.459 9.699 1.735 20
-0.478 9.653 1.699 20
-0.39 9.672 1.704 20
-0.475 9.649 1.728 19
-0.464 9.68 1.652 20
-0.459 9.751 1.668 20
-0.499 9.775 1.668 20
-0.414 9.784 1.597 20
-0.447 9.615 1.623 19
-0.416 9.608 1.697 20
-0.416 9.718 1.654 20
-0.423 9.777 1.749 20
-0.471 9.758 1.694 19
-0.411 9.739 1.782 20
-0.43 9.739 1.744 20
-0.471 9.708 1.773 20
-0.409 9.665 1.744 20
-0.404 9.656 1.68 19
-0.404 9.615 1.673 20
-0.44 9.672 1.747 20
-0.464 9.725 1.773 20
-0.442 9.76 1.692 20
-0.34 9.672 1.701 19
-0.442 9.694 1.725 20
-0.464 9.684 1.723 20
-0.518 9.715 1.78 20
-0.409 9.668 1.761 20
-0.416 9.722 1.809 19
-0.404 9.696 1.759 20
-0.39 9.718 1.787 20
-0.395 9.71 1.773 20
-0.485 9.753 1.809 20
-0.39 9.718 1.844 19
-0.435 9.691 1.818 20
-0.397 9.62 1.859 20
-0.402 9.651 1.849 20
-0.435 9.665 1.842 20
-0.475 9.672 1.832 19
-0.504 9.658 1.975 20
-0.392 9.67 1.97 20
-0.554 9.572 1.592 20
-0.304 9.68 1.951 20
-0.285 9.568 1.947 19
-0.528 9.751 1.751 20
-0.485 9.91 1.892 20
-0.435 9.772 1.961 20
-0.464 9.76 1.844 20
-0.433 9.715 1.88 19
-0.464 9.599 1.747 20
-0.528 9.606 1.856 20
-0.425 9.58 1.859 20
-0.442 9.637 1.78 20
-0.447 9.661 1.811 19
-0.485 9.751 1.756 20
-0.483 9.818 1.909 20
-0.459 9.637 1.773 20
-0.354 9.684 1.875 20
-0.452 9.661 1.728 19
-0.435 9.701 1.88 20
-0.423 9.746 1.916 20
-0.475 9.777 1.861 20
-0.466 9.703 1.818 20
-0.435 9.618 1.856 19
-0.428 9.596 1.804 20
-0.433 9.696 1.78 20
-0.447 9.718 1.844 20
-0.511 9.682 1.792 20
-0.487 9.63 1.854 19
-0.478 9.661 1.885 20
-0.487 9.689 1.928 20
-0.497 9.763 1.89 20
-0.525 9.73 1.835 19
-0.511 9.677 1.851 20
-0.454 9.565 1.942 19
-0.447 9.637 1.83 21
-0.483 9.722 1.859 20
-0.525 9.72 1.937 20
-0.506 9.665 1.925 19
-0.468 9.622 1.89 20
-0.387 9.68 1.878 20
-0.514 9.699 1.771 20
-0.442 9.658 1.875 20
-0.406 9.646 1.854 19
-0.506 9.72 1.823 20
-0.53 9.687 1.954 20
-0.487 9.699 1.747 20
-0.547 9.582 1.528 20
-0.39 9.715 2.023 19
-0.428 9.506 1.935 19
-0.504 9.756 1.775 21
-0.499 9.841 1.778 20
-0.449 9.677 1.932 20
-0.478 9.751 1.732 19
-0.528 9.687 1.797 20
-0.485 9.601 1.728 20
-0.454 9.67 1.809 20
-0.418 9.73 1.849 19
-0.466 9.618 1.723 20
-0.473 9.663 1.804 20
-0.494 9.763 1.682 20
-0.449 9.806 1.794 20
-0.471 9.587 1.797 19
-0.514 9.737 1.775 20
-0.53 9.641 1.782 20
-0.459 9.696 1.835 20
-0.449 9.758 1.856 20
-0.437 9.696 1.79 19
-0.461 9.713 1.79 20
-0.435 9.675 1.709 20
-0.49 9.653 1.787 20
-0.475 9.71 1.825 20
-0.444 9.661 1.773 19
-0.497 9.708 1.74 20
-0.514 9.715 1.754 20
-0.473 9.72 1.737 20
-0.461 9.694 1.816 20
-0.442 9.639 1.756 19
-0.461 9.687 1.694 20
-0.459 9.706 1.797 20
-0.511 9.694 1.811 20
-0.492 9.653 1.794 20
-0.492 9.625 1.801 19
-0.475 9.71 1.728 20
-0.444 9.658 1.79 20
-0.485 9.725 1.735 20
-0.461 9.713 1.799 20
-0.509 9.675 1.801 19
-0.414 9.677 1.773 20
-0.423 9.675 1.787 20
-0.525 9.722 1.723 20
-0.473 9.734 1.885 20
-0.575 9.699 1.552 19
-0.423 9.62 1.794 20
-0.397 9.758 1.878 20
-0.356 9.525 1.868 19
-0.516 9.691 1.606 21
-0.499 9.891 1.735 19
-0.454 9.756 1.897 20
-0.473 9.682 1.735 20
-0.487 9.706 1.718 19
-0.514 9.661 1.623 20
-0.478 9.651 1.797 20
-0.485 9.703 1.792 20
-0.454 9.737 1.671 20
-0.437 9.663 1.704 19
-0.478 9.718 1.709 20
-0.511 9.768 1.709 20
-0.487 9.608 1.816 20
-0.333 9.637 1.861 20
-0.399 9.668 1.69 20
-0.466 9.701 1.761 19
-0.454 9.722 1.835 20
-0.485 9.77 1.701 20
-0.461 9.703 1.716 20
-0.406 9.658 1.718 20
-0.459 9.675 1.754 19
-0.428 9.689 1.713 20
-0.471 9.68 1.673 20
-0.456 9.696 1.768 20
-0.49 9.71 1.713 20
-0.459 9.746 1.704 19
-0.404 9.684 1.799 20
-0.421 9.641 1.74 20
-0.44 9.632 1.732 20
-0.497 9.653 1.759 20
-0.504 9.71 1.716 19
-0.483 9.739 1.68 20
-0.447 9.737 1.69 20
-0.442 9.708 1.718 20
-0.449 9.722 1.709 20
-0.444 9.701 1.732 19
-0.454 9.694 1.692 20
-0.485 9.663 1.706 20
-0.466 9.718 1.694 20
-0.483 9.739 1.728 20
-0.464 9.72 1.685 19
-0.478 9.715 1.706 20
-0.521 9.684 1.74 20
-0.468 9.694 1.768 20
-0.359 9.772 1.847 20
-0.644 9.651 1.383 19
-0.392 9.73 1.804 20
-0.349 9.525 1.813 20
-0.454 9.687 1.566 20
-0.49 9.813 1.647 20
-0.421 9.72 1.771 19
-0.459 9.749 1.675 20
-0.425 9.772 1.635 20
-0.471 9.675 1.573 20
-0.421 9.622 1.647 20
-0.466 9.689 1.68 19
-0.497 9.71 1.635 20
-0.454 9.737 1.668 20
-0.454 9.713 1.661 20
-0.487 9.78 1.718 20
-0.492 9.691 1.635 19
-0.335 9.649 1.787 20
-0.402 9.71 1.604 20
-0.43 9.749 1.771 20
-0.425 9.691 1.654 20
-0.456 9.749 1.718 19
-0.504 9.782 1.673 20
-0.406 9.727 1.73 20
-0.468 9.694 1.685 20
-0.456 9.696 1.68 20
-0.428 9.658 1.711 19
-0.387 9.706 1.644 20
-0.475 9.739 1.649 20
-0.442 9.732 1.704 20
-0.456 9.732 1.694 20
-0.395 9.701 1.744 19
-0.428 9.691 1.637 20
-0.411 9.67 1.678 20
-0.471 9.675 1.713 20
-0.459 9.734 1.613 20
-0.497 9.713 1.751 19
-0.459 9.818 1.642 20
-0.454 9.765 1.673 20
-0.349 9.744 1.728 20
-0.418 9.661 1.678 20
-0.43 9.651 1.654 19
-0.404 9.637 1.613 20
-0.433 9.68 1.63 20
-0.409 9.701 1.673 20
-0.402 9.672 1.656 20
-0.487 9.73 1.644 19
-0.504 9.722 1.766 20
-0.578 9.713 1.423 20
-0.366 9.625 1.697 20
-0.409 9.813 1.701 20
-0.297 9.572 1.782 19
-0.459 9.63 1.535 20
-0.414 9.903 1.566 20
-0.468 9.76 1.725 19
-0.478 9.825 1.661 21
-0.454 9.808 1.609 19
-0.418 9.608 1.518 20
-0.428 9.563 1.542 20
-0.461 9.665 1.64 20
-0.504 9.71 1.666 20
-0.418 9.751 1.582 19
-0.425 9.744 1.582 20
-0.452 9.699 1.497 20
-0.509 9.739 1.768 20
-0.323 9.77 1.692 20
-0.471 9.661 1.656 19
-0.416 9.656 1.632 20
-0.447 9.732 1.64 20
-0.411 9.73 1.666 20
-0.378 9.803 1.654 19
-0.387 9.701 1.678 20
-0.43 9.634 1.549 20
-0.447 9.696 1.58 20
-0.456 9.696 1.58 20
-0.383 9.687 1.687 19
-0.473 9.68 1.694 20
-0.466 9.708 1.68 20
-0.428 9.725 1.652 20
-0.423 9.703 1.68 20
-0.492 9.73 1.818 19
-0.514 9.76 1.737 20
-0.456 9.799 1.682 20
-0.395 9.73 1.647 20
-0.423 9.691 1.666 20
-0.452 9.675 1.682 19
-0.473 9.72 1.69 20
-0.49 9.687 1.678 20
-0.437 9.708 1.682 20
-0.416 9.739 1.744 20
-0.478 9.734 1.73 19
-0.442 9.71 1.701 20
-0.404 9.687 1.728 20
-0.425 9.694 1.73 20
-0.425 9.725 1.713 20
-0.418 9.749 1.79 19
-0.375 9.768 1.754 20
-0.571 9.649 1.487 20
-0.249 9.775 1.856 20
-0.292 9.484 1.84 20
-0.483 9.701 1.656 20
-0.473 9.849 1.606 19
-0.456 9.71 1.801 20
-0.43 9.784 1.694 20
-0.454 9.756 1.663 20
-0.497 9.627 1.685 19
-0.442 9.691 1.661 20
-0.414 9.696 1.773 20
-0.454 9.715 1.656 20
-0.478 9.713 1.625 20
-0.454 9.722 1.635 19
-0.504 9.806 1.602 20
-0.475 9.63 1.721 20
-0.375 9.677 1.718 20
-0.452 9.751 1.611 20
-0.399 9.76 1.711 19
-0.392 9.76 1.732 20
-0.437 9.756 1.663 20
-0.504 9.775 1.711 20
-0.44 9.713 1.69 20
-0.395 9.734 1.644 19
-0.411 9.641 1.64 20
-0.437 9.722 1.623 20
-0.528 9.687 1.628 20
-0.502 9.691 1.602 20
-0.416 9.608 1.602 19
-0.383 9.622 1.671 20
-0.43 9.651 1.616 20
-0.437 9.694 1.64 19
-0.466 9.744 1.701 21
-0.49 9.71 1.759 19
-0.504 9.71 1.761 20
-0.433 9.725 1.675 20
-0.504 9.696 1.706 19
-0.521 9.701 1.735 21
-0.502 9.668 1.735 19
-0.511 9.727 1.652 20
-0.564 9.772 1.74 20
-0.483 9.71 1.647 19
-0.478 9.67 1.632 21
-0.447 9.665 1.632 19
-0.461 9.696 1.718 20
-0.511 9.746 1.725 20
-0.547 9.732 1.747 19
-0.571 9.68 1.368 21
-0.364 9.615 1.718 19
-0.454 9.696 1.613 20
-0.411 9.601 1.785 20
-0.504 9.725 1.578 21
-0.425 9.915 1.532 19
-0.456 9.684 1.697 19
-0.516 9.708 1.625 20
-0.497 9.794 1.609 20
-0.459 9.677 1.602 20
-0.487 9.708 1.502 20
-0.516 9.739 1.613 19
-0.425 9.694 1.609 20
-0.502 9.696 1.652 20
-0.449 9.799 1.606 20
-0.518 9.856 1.53 20
-0.49 9.637 1.728 19
-0.404 9.694 1.613 20
-0.504 9.744 1.573 20
-0.571 9.756 1.673 20
-0.444 9.82 1.756 20
-0.473 9.749 1.671 19
-0.444 9.663 1.654 20
-0.404 9.634 1.704 20
-0.485 9.68 1.635 20
-0.48 9.765 1.678 20
-0.487 9.699 1.673 19
-0.504 9.739 1.656 19
-0.44 9.73 1.625 21
-0.475 9.744 1.64 20
-0.456 9.732 1.697 20
-0.497 9.737 1.682 19
-0.497 9.682 1.74 20
-0.487 9.706 1.663 20
-0.483 9.713 1.675 20
-0.48 9.67 1.637 20
-0.473 9.734 1.649 19
-0.43 9.682 1.578 20
-0.459 9.741 1.728 20
-0.461 9.749 1.656 20
-0.456 9.73 1.713 20
-0.433 9.677 1.678 19
-0.452 9.722 1.652 20
-0.48 9.715 1.602 20
-0.48 9.734 1.625 20
-0.511 9.732 1.694 19
-0.514 9.734 1.678 20
-0.447 9.708 1.721 20
-0.544 9.641 1.511 20
-0.268 9.706 1.94 20
-0.635 9.749 1.299 19
-0.423 9.706 1.906 20
-0.447 9.653 1.637 20
-0.492 9.868 1.602 20
-0.487 9.77 1.687 20
-0.464 9.765 1.673 19
-0.528 9.758 1.63 20
-0.485 9.694 1.609 20
-0.444 9.637 1.632 20
-0.464 9.682 1.635 20
-0.464 9.751 1.647 19
-0.423 9.722 1.623 20
-0.487 9.753 1.654 20
-0.511 9.746 1.587 20
-0.452 9.727 1.597 20
-0.452 9.637 1.666 19
-0.459 9.687 1.709 20
-0.442 9.744 1.732 20
-0.485 9.749 1.73 20
-0.454 9.649 1.718 20
-0.437 9.715 1.754 19
-0.449 9.663 1.761 20
-0.385 9.689 1.699 20
-0.402 9.713 1.754 20
-0.442 9.741 1.761 20
-0.444 9.775 1.763 19
-0.456 9.801 1.671 20
-0.485 9.744 1.585 20
-0.514 9.622 1.628 20
-0.49 9.687 1.704 20
-0.459 9.691 1.78 19
-0.523 9.541 1.813 20
-0.552 9.575 1.854 20
-0.48 9.687 1.885 20
-0.425 9.739 1.823 20
-0.404 9.737 1.787 19
-0.402 9.808 1.811 20
-0.409 9.808 1.742 20
-0.349 9.744 1.713 19
-0.392 9.72 1.704 21
-0.38 9.718 1.687 19
-0.471 9.651 1.699 20
-0.475 9.639 1.618 20
-0.437 9.608 1.616 20
-0.499 9.653 1.644 20
-0.511 9.825 1.642 19
-0.518 9.753 1.628 20
-0.261 9.751 1.944 20
-0.625 9.68 1.247 20
-0.373 9.78 1.775 20
-0.395 9.546 1.73 19
-0.428 9.81 1.668 19
-0.471 9.832 1.713 21
-0.485 9.737 1.744 20
-0.452 9.772 1.706 20
-0.49 9.67 1.635 19
-0.49 9.632 1.621 20
-0.459 9.689 1.668 20
-0.425 9.699 1.685 20
-0.435 9.661 1.635 19
-0.502 9.677 1.666 20
-0.483 9.718 1.661 20
-0.535 9.796 1.647 20
-0.502 9.637 1.673 20
-0.328 9.644 1.766 19
-0.44 9.675 1.632 20
-0.459 9.756 1.747 19
-0.466 9.751 1.732 21
-0.504 9.727 1.711 20
-0.416 9.756 1.759 19
-0.361 9.663 1.804 20